  0.0000000e+000  7.3878599e-002  2.0000000e-001
  7.3631078e-002  3.4549339e-001  1.0979895e-001
  1.4726216e-001  1.9649090e-001  4.4794180e-001
  2.2089323e-001  7.9849966e-002 -5.9687577e-001
  2.9452431e-001  1.0982450e-001  5.9404053e-001
  3.6815539e-001  1.8877658e-001 -1.5573016e-001
  4.4178647e-001  1.7804270e-001 -1.7779613e-001
  5.1541754e-001  3.3414646e-001  5.0334151e-001
  5.8904862e-001  4.2800405e-001 -1.0325789e-001
  6.6267970e-001  3.3117808e-001  5.3730089e-001
  7.3631078e-001  4.2223153e-001 -3.2487657e-001
  8.0994186e-001  3.7964371e-001  4.4120244e-001
  8.8357293e-001  3.7671812e-001  9.4794772e-002
  9.5720401e-001  3.6819297e-001 -5.2129569e-001
  1.0308351e+000  3.5118925e-001  6.3417070e-001
  1.1044662e+000  4.2400891e-001 -2.5706254e-001
  1.1780972e+000  5.3967107e-001  3.3948816e-001
  1.2517283e+000  5.5754179e-001  5.3907321e-002
  1.3253594e+000  5.3151359e-001  2.2999401e-001
  1.3989905e+000  4.3501798e-001  4.0410035e-001
  1.4726216e+000  3.5656697e-001 -6.0055175e-001
  1.5462526e+000  3.7285940e-001  6.3728587e-001
  1.6198837e+000  4.1334989e-001 -2.3801080e-001
  1.6935148e+000  4.7281275e-001 -5.9781839e-002
  1.7671459e+000  6.4171818e-001  3.6862812e-001
  1.8407769e+000  5.0879485e-001 -3.2559976e-002
  1.9144080e+000  5.1071403e-001  5.5897461e-001
  1.9880391e+000  5.4304144e-001 -4.0758390e-001
  2.0616702e+000  3.9752755e-001  5.4966415e-001
  2.1353013e+000  3.1886380e-001  5.3655393e-005
  2.2089323e+000  3.1365987e-001 -4.2922309e-001
  2.2825634e+000  3.1301512e-001  5.6028805e-001
  2.3561945e+000  2.5509349e-001 -2.5857864e-001
  2.4298256e+000  4.7470838e-001  4.2200280e-001
  2.5034566e+000  5.0652225e-001 -8.4775932e-002
  2.5770877e+000  3.6954844e-001  3.5572668e-001
  2.6507188e+000  3.1748410e-001  3.3923721e-001
  2.7243499e+000  2.0662502e-001 -5.7237563e-001
  2.7979810e+000  2.3594706e-001  6.5008855e-001
  2.8716120e+000  1.3871825e-001 -3.0208043e-001
  2.9452431e+000  1.5668211e-001  5.6916317e-002
  3.0188742e+000  2.6273717e-001  2.2176714e-001
  3.0925053e+000  2.2524393e-001  5.9304297e-002
  3.1661363e+000  1.7760041e-001  5.5261352e-001
  3.2397674e+000  1.7872599e-001 -4.6171427e-001
  3.3133985e+000  2.2043660e-002  6.3864447e-001
  3.3870296e+000 -8.0016126e-003 -9.3097289e-002
  3.4606607e+000 -1.1584088e-001 -3.1986554e-001
  3.5342917e+000 -7.0236515e-002  4.5937940e-001
  3.6079228e+000 -7.0664314e-002 -2.3225311e-001
  3.6815539e+000  7.3195245e-002  4.8126799e-001
  3.7551850e+000  1.7411243e-002 -2.0884083e-001
  3.8288160e+000  2.8900229e-003  4.7972907e-001
  3.9024471e+000 -7.9526268e-002  2.5855057e-001
  3.9760782e+000 -1.2560477e-001 -5.1444276e-001
  4.0497093e+000 -3.1249502e-001  6.3106842e-001
  4.1233404e+000 -3.3801070e-001 -3.4321367e-001
  4.1969714e+000 -2.7869476e-001  1.6518851e-001
  4.2706025e+000 -1.6087675e-001  7.0206363e-002
  4.3442336e+000 -5.5627458e-002  1.6713574e-001
  4.4178647e+000 -1.5345103e-001  5.1953399e-001
  4.4914957e+000 -1.8481470e-001 -4.8467721e-001
  4.5651268e+000 -2.4718738e-001  7.0270464e-001
  4.6387579e+000 -2.2469494e-001 -1.7780393e-001
  4.7123890e+000 -3.5803922e-001 -2.0000000e-001
  4.7860201e+000 -3.3752493e-001  3.3629881e-001
  4.8596511e+000 -1.5865948e-001 -1.7921662e-001
  4.9332822e+000 -1.9893238e-001  5.1411824e-001
  5.0069133e+000 -4.4797595e-002 -3.1193563e-001
  5.0805444e+000 -1.0151753e-001  5.9469083e-001
  5.1541754e+000 -9.6897330e-002  1.6822350e-001
  5.2278065e+000 -2.4608554e-001 -4.3051080e-001
  5.3014376e+000 -1.8879211e-001  5.8066586e-001
  5.3750687e+000 -1.1974105e-001 -3.5810809e-001
  5.4486998e+000 -1.4102824e-001  2.5856769e-001
  5.5223308e+000 -6.3397828e-002 -7.8339286e-002
  5.5959619e+000 -2.4606402e-002  2.8463875e-001
  5.6695930e+000  5.4565117e-002  4.6271812e-001
  5.7432241e+000 -1.0913485e-002 -4.7567235e-001
  5.8168551e+000 -7.6111290e-002  7.3777814e-001
  5.8904862e+000 -2.8638734e-002 -2.4772738e-001
  5.9641173e+000 -1.4001803e-001 -7.6885363e-002
  6.0377484e+000  2.3749712e-002  1.9718739e-001
  6.1113795e+000 -1.1025776e-002 -1.0230666e-001
  6.1850105e+000  2.4627495e-001  5.1907101e-001
  6.2586416e+000  1.5347644e-001 -3.8893055e-001
  6.3322727e+000  1.7887842e-001  6.9369758e-001
  6.4059038e+000  2.6521444e-001  7.5036661e-002
  6.4795348e+000  1.2011571e-001 -3.2576712e-001
  6.5531659e+000  9.4066336e-002  5.0112710e-001
  6.6267970e+000  1.3720457e-001 -3.4509617e-001
  6.7004281e+000  2.6940766e-001  3.3161366e-001
  6.7740592e+000  3.0939681e-001 -2.1633302e-001
  6.8476902e+000  4.3724017e-001  4.0479435e-001
  6.9213213e+000  4.2864433e-001  3.8662081e-001
  6.9949524e+000  4.1645288e-001 -4.3572581e-001
  7.0685835e+000  4.0575645e-001  7.4142136e-001
  7.1422145e+000  2.9860225e-001 -2.9744056e-001
  7.2158456e+000  2.5673698e-001  4.2173645e-002
  7.2894767e+000  2.3995410e-001  4.9121330e-002
  7.3631078e+000  3.6963391e-001 -5.9060816e-003
  7.4367389e+000  4.7977001e-001  4.9640540e-001
  7.5103699e+000  5.9645403e-001 -4.3621012e-001
  7.5840010e+000  4.5374131e-001  7.7064756e-001
  7.6576321e+000  4.3254411e-001 -1.4055309e-002
  7.7312632e+000  4.3185485e-001 -2.0651231e-001
  7.8048942e+000  3.2801250e-001  3.9638249e-001
  7.8785253e+000  3.9800852e-001 -3.0425820e-001
  7.9521564e+000  5.0399006e-001  3.8023353e-001
  8.0257875e+000  5.1184753e-001 -3.3685078e-001
  8.0994186e+000  4.7135279e-001  5.2027869e-001
  8.1730496e+000  5.7141186e-001  2.9688750e-001
  8.2466807e+000  4.2648256e-001 -3.6761862e-001
  8.3203118e+000  3.7566482e-001  7.1296871e-001
  8.3939429e+000  3.5983033e-001 -3.2276964e-001
  8.4675739e+000  3.4899352e-001  1.5026327e-001
  8.5412050e+000  2.6858275e-001 -1.0029555e-001
  8.6148361e+000  3.6002921e-001  1.0431258e-001
  8.6884672e+000  4.1053704e-001  4.4813388e-001
  8.7620983e+000  3.9171809e-001 -4.5187562e-001
  8.8357293e+000  4.5045932e-001  8.2062164e-001
  8.9093604e+000  3.6870959e-001 -9.2357795e-002
  8.9829915e+000  2.1069702e-001 -7.9778989e-002
  9.0566226e+000  1.4667744e-001  2.7182493e-001
  9.1302536e+000  1.2079733e-001 -2.3742908e-001
  9.2038847e+000  5.4285205e-002  4.0191969e-001
  9.2775158e+000  1.3592203e-001 -4.3397947e-001
  9.3511469e+000  2.3499554e-001  6.2390170e-001
  9.4247780e+000  2.9055454e-001  2.0000000e-001
  9.4984090e+000  2.1860950e-001 -2.7571147e-001
  9.5720401e+000  9.0172091e-002  6.5358290e-001
  9.6456712e+000  1.1132728e-001 -3.2105955e-001
  9.7193023e+000  2.9848304e-003  2.4127203e-001
  9.7929333e+000 -6.9517156e-002 -2.4337066e-001
  9.8665644e+000 -4.1851293e-002  2.2172205e-001
  9.9401955e+000  1.0874932e-001  3.7786881e-001
  1.0013827e+001  3.6552200e-002 -4.3584574e-001
  1.0087458e+001  2.7319640e-003  8.4018443e-001
  1.0161089e+001 -2.8539709e-002 -1.5385453e-001
  1.0234720e+001 -1.0127107e-001  4.7091380e-002
  1.0308351e+001 -1.4164424e-001  1.3400163e-001
  1.0381982e+001 -1.7563409e-001 -1.4809857e-001
  1.0455613e+001 -2.5066199e-001  3.9589098e-001
  1.0529244e+001 -2.4796348e-001 -5.0315518e-001
  1.0602875e+001 -1.5328303e-001  7.0903998e-001
  1.0676506e+001 -1.1319130e-001  1.0287159e-001
  1.0750137e+001 -3.8255784e-002 -1.6567660e-001
  1.0823768e+001 -1.8113714e-001  5.6619687e-001
  1.0897400e+001 -1.5659613e-001 -2.9134757e-001
  1.0971031e+001 -2.1622294e-001  3.1025194e-001
  1.1044662e+001 -4.0119165e-001 -3.7276674e-001
  1.1118293e+001 -2.0458073e-001  3.3913434e-001
  1.1191924e+001 -2.0574907e-001  2.9059200e-001
  1.1265555e+001 -1.1512817e-001 -3.8984970e-001
  1.1339186e+001 -2.1402381e-001  8.2759819e-001
  1.1412817e+001 -1.7820573e-001 -1.9358485e-001
  1.1486448e+001 -1.5283310e-001  1.6688802e-001
  1.1560079e+001 -2.5762081e-001 -9.7628360e-003
  1.1633710e+001 -1.9770934e-001 -4.1210590e-002
  1.1707341e+001 -2.4341958e-001  3.6312877e-001
  1.1780972e+001 -1.2260322e-001 -5.4142136e-001
  1.1854604e+001 -3.7658151e-002  7.7003760e-001
  1.1928235e+001  3.5416015e-002  1.2416140e-002
  1.2001866e+001  3.6485999e-002 -4.4152848e-002
  1.2075497e+001  2.4618802e-002  4.5535108e-001
  1.2149128e+001 -5.2256224e-002 -2.3443421e-001
  1.2222759e+001 -1.5504717e-001  3.5370810e-001
  1.2296390e+001 -2.8166475e-002 -4.8192496e-001
  1.2370021e+001 -8.0358528e-002  4.4923043e-001
  1.2443652e+001  1.0291678e-001  1.9234131e-001
  1.2517283e+001  2.2603422e-001 -3.1731333e-001
  1.2590914e+001  3.0720250e-001  7.8293680e-001
  1.2664545e+001  2.0312893e-001 -2.0795696e-001
  1.2738176e+001  9.9105932e-002  2.7296056e-001
  1.2811808e+001  7.5116924e-002 -1.5178948e-001
  1.2885439e+001  7.5716163e-002  7.7126271e-002
  1.2959070e+001  1.7794379e-001  3.0630603e-001
  1.3032701e+001  2.1219091e-001 -5.4759168e-001
  1.3106332e+001  3.7824760e-001  8.0255100e-001
  1.3179963e+001  0.0000000e+000 -6.4882819e-002
  1.3253594e+001  0.0000000e+000  8.1655177e-002
  1.3327225e+001  0.0000000e+000  3.2693532e-001
  1.3400856e+001  0.0000000e+000 -1.5284704e-001
  1.3474487e+001  0.0000000e+000  3.6979928e-001
  1.3548118e+001  0.0000000e+000 -5.6544177e-001
  1.3621749e+001  0.0000000e+000  5.4499978e-001
  1.3695380e+001  0.0000000e+000  8.9833432e-002
  1.3769012e+001  0.0000000e+000 -2.2314511e-001
  1.3842643e+001  0.0000000e+000  7.0809268e-001
  1.3916274e+001  0.0000000e+000 -1.9497838e-001
  1.3989905e+001  7.5000000e-001  3.5961320e-001
  1.4063536e+001  7.5000000e-001 -2.8448904e-001
  1.4137167e+001  7.5000000e-001  2.0000000e-001
  1.4210798e+001  7.5000000e-001  2.2961371e-001
  1.4284429e+001  7.5000000e-001 -5.2230807e-001
  1.4358060e+001  7.5000000e-001  8.0381708e-001
  1.4431691e+001  7.5000000e-001 -1.2337693e-001
  1.4505322e+001  7.5000000e-001  2.0440998e-001
  1.4578953e+001  7.5000000e-001  1.8785057e-001
  1.4652584e+001  7.5000000e-001 -5.0699525e-002
  1.4726216e+001 -5.0000000e-001  3.5843777e-001
  1.4799847e+001 -5.0000000e-001 -6.1937723e-001
  1.4873478e+001 -5.0000000e-001  6.2016341e-001
  1.4947109e+001 -5.0000000e-001 -9.9545310e-003
  1.5020740e+001 -5.0000000e-001 -1.1343515e-001
  1.5094371e+001 -5.0000000e-001  6.0667614e-001
  1.5168002e+001 -5.0000000e-001 -1.5438933e-001
  1.5241633e+001 -5.0000000e-001  4.2243957e-001
  1.5315264e+001 -5.0000000e-001 -4.0080076e-001
  1.5388895e+001 -5.0000000e-001  3.2010645e-001
  1.5462526e+001  7.5000000e-001  1.3849520e-001
  1.5536157e+001  7.5000000e-001 -4.6799056e-001
  1.5609788e+001  7.5000000e-001  7.7282832e-001
  1.5683420e+001  7.5000000e-001 -1.5860727e-001
  1.5757051e+001  7.5000000e-001  3.1707996e-001
  1.5830682e+001  7.5000000e-001  4.5610835e-002
  1.5904313e+001  7.5000000e-001  6.6546997e-002
  1.5977944e+001  7.5000000e-001  3.2128257e-001
  1.6051575e+001  7.5000000e-001 -6.4147662e-001
  1.6125206e+001  7.5000000e-001  6.6955509e-001
  1.6198837e+001 -5.0000000e-001 -1.0021915e-001
  1.6272468e+001 -5.0000000e-001  4.9148266e-003
  1.6346099e+001 -5.0000000e-001  4.8381288e-001
  1.6419730e+001 -5.0000000e-001 -8.7691011e-002
  1.6493361e+001 -5.0000000e-001  4.5857864e-001
  1.6566993e+001 -5.0000000e-001 -4.9459984e-001
  1.6640624e+001 -5.0000000e-001  4.3018615e-001
  1.6714255e+001 -5.0000000e-001  3.9304838e-002
  1.6787886e+001 -5.0000000e-001 -3.8868222e-001
  1.6861517e+001 -5.0000000e-001  7.1040444e-001
  1.6935148e+001  7.5000000e-001 -1.6758654e-001
  1.7008779e+001  7.5000000e-001  4.1335783e-001
  1.7082410e+001  7.5000000e-001 -9.2091437e-002
  1.7156041e+001  7.5000000e-001  1.9240387e-001
  1.7229672e+001  7.5000000e-001  2.6162654e-001
  1.7303303e+001  7.5000000e-001 -6.3129212e-001
  1.7376934e+001  7.5000000e-001  6.8943771e-001
  1.7450565e+001  7.5000000e-001 -1.7475425e-001
  1.7524197e+001  7.5000000e-001  1.2460808e-001
  1.7597828e+001  7.5000000e-001  3.4585177e-001
  1.7671459e+001 -5.0000000e-001  1.9331940e-003
  1.7745090e+001 -5.0000000e-001  4.6687608e-001
  1.7818721e+001 -5.0000000e-001 -5.6104936e-001
  1.7892352e+001 -5.0000000e-001  5.2346039e-001
  1.7965983e+001 -5.0000000e-001 -6.1088694e-002
  1.8039614e+001 -5.0000000e-001 -2.8979847e-001
  1.8113245e+001 -5.0000000e-001  6.1915592e-001
  1.8186876e+001 -5.0000000e-001 -1.4899208e-001
  1.8260507e+001 -5.0000000e-001  4.8803380e-001
  1.8334138e+001 -5.0000000e-001 -2.1783049e-001
  1.8407769e+001  0.0000000e+000  3.1973919e-001
  1.8481401e+001  0.0000000e+000  1.8418444e-001
  1.8555032e+001  0.0000000e+000 -5.9019759e-001
  1.8628663e+001  0.0000000e+000  6.7773591e-001
  1.8702294e+001  0.0000000e+000 -2.2833837e-001
  1.8775925e+001  0.0000000e+000  2.3839127e-001